111123
[[0.25 0.25 0.  ]
 [0.   0.25 0.25]
 [0.   0.5  0.  ]
 [0.5  0.25 0.25]]
1 [[0 1 2 3]]
-----------------
111133
[[0.5  0.5  0.5 ]
 [0.5  0.75 0.25]
 [0.25 0.75 0.5 ]
 [0.75 0.5  0.75]]
2 [[0 1 2 3]
 [0 2 1 3]]
-----------------
111134
[[0.5  0.5  0.  ]
 [0.75 0.5  0.25]
 [0.75 0.25 0.  ]
 [0.25 0.75 0.  ]]
1 [[0 1 2 3]]
-----------------
111224
[[0.25 0.25 0.5 ]
 [0.   0.25 0.75]
 [0.   0.25 0.25]
 [0.5  0.25 0.75]]
2 [[0 1 2 3]
 [0 1 3 2]]
-----------------
111233
[[0.5  0.25 0.75]
 [0.5  0.5  0.5 ]
 [0.5  0.25 0.25]
 [0.75 0.   0.75]]
1 [[0 1 2 3]]
-----------------
111333
[[0.5  0.25 0.25]
 [0.75 0.25 0.5 ]
 [0.5  0.   0.  ]
 [0.25 0.5  0.25]]
6 [[0 1 2 3]
 [0 1 3 2]
 [0 2 1 3]
 [0 2 3 1]
 [0 3 1 2]
 [0 3 2 1]]
-----------------
111334
[[0.25 0.   0.25]
 [0.5  0.   0.5 ]
 [0.5  0.25 0.25]
 [0.   0.25 0.75]]
2 [[0 1 2 3]
 [1 0 2 3]]
-----------------
112233
[[0.25 0.5  0.25]
 [0.   0.75 0.25]
 [0.   0.25 0.25]
 [0.25 0.5  0.75]]
2 [[0 1 2 3]
 [0 2 1 3]]
-----------------
112234
[[0.   0.5  0.5 ]
 [0.25 0.5  0.75]
 [0.25 0.5  0.25]
 [0.25 0.   0.75]]
1 [[0 1 2 3]]
-----------------
112333
[[0.5  0.25 0.25]
 [0.25 0.5  0.25]
 [0.5  0.   0.5 ]
 [0.25 0.5  0.75]]
1 [[0 1 2 3]]
-----------------
112334
[[0.5  0.25 0.75]
 [0.75 0.5  0.75]
 [0.25 0.   0.75]
 [0.5  0.25 0.25]]
2 [[0 1 2 3]
 [0 2 1 3]]
-----------------
113334
[[0.5  0.25 0.25]
 [0.5  0.   0.5 ]
 [0.25 0.5  0.25]
 [0.75 0.5  0.75]]
1 [[0 1 2 3]]
-----------------
113344
[[0.25 0.25 0.5 ]
 [0.5  0.5  0.5 ]
 [0.   0.5  0.  ]
 [0.25 0.75 0.  ]]
4 [[0 1 2 3]
 [1 0 3 2]
 [2 3 0 1]
 [3 2 1 0]]
-----------------
113444
[[0.5  0.25 0.25]
 [0.75 0.25 0.5 ]
 [0.25 0.25 0.  ]
 [0.25 0.75 0.5 ]]
2 [[0 1 2 3]
 [0 2 1 3]]
-----------------
122334
[[0.   0.75 0.25]
 [0.   0.5  0.5 ]
 [0.5  0.75 0.25]
 [0.5  0.25 0.25]]
1 [[0 1 2 3]]
-----------------
123333
[[0.25 0.5  0.75]
 [0.5  0.5  0.5 ]
 [0.25 0.   0.75]
 [0.   0.25 0.25]]
1 [[0 1 2 3]]
-----------------
133444
[[0.5  0.5  0.5 ]
 [0.5  0.75 0.75]
 [0.   0.75 0.25]
 [0.   0.25 0.75]]
2 [[0 1 2 3]
 [0 1 3 2]]
-----------------
222244
[[0.  0.  0. ]
 [0.  0.  0.5]
 [0.5 0.  0. ]
 [0.5 0.  0.5]]
8 [[0 1 2 3]
 [0 2 1 3]
 [1 0 3 2]
 [1 3 0 2]
 [2 0 3 1]
 [2 3 0 1]
 [3 1 2 0]
 [3 2 1 0]]
-----------------
222444
[[0.25 0.75 0.  ]
 [0.25 0.25 0.  ]
 [0.25 0.75 0.5 ]
 [0.75 0.75 0.  ]]
6 [[0 1 2 3]
 [0 1 3 2]
 [0 2 1 3]
 [0 2 3 1]
 [0 3 1 2]
 [0 3 2 1]]
-----------------
223333
[[0.5  0.25 0.25]
 [0.25 0.75 0.  ]
 [0.   0.25 0.25]
 [0.25 0.75 0.5 ]]
8 [[0 1 2 3]
 [0 3 2 1]
 [1 0 3 2]
 [1 2 3 0]
 [2 1 0 3]
 [2 3 0 1]
 [3 0 1 2]
 [3 2 1 0]]
-----------------
223334
[[0.25 0.5  0.75]
 [0.25 0.   0.75]
 [0.75 0.5  0.75]
 [0.5  0.25 0.25]]
2 [[0 1 2 3]
 [0 2 1 3]]
-----------------